76561198216633088
76561198200443081
76561198271927022
76561198092127775
76561198113043676
76561198085689465
76561198120939287
76561198136470933
76561198128360054
76561198271116199
76561198144797313
76561198127851224
76561198132362403
76561198261616029
76561198140537672
76561198297528240
76561198069647078
76561198170907910
76561198155918626
76561198272092861
76561198140085525
76561198168997189
76561198208127577
76561198114937009
76561198177671981
76561198152914674
76561198172870265
76561198116266948
76561198131837554
76561198199271034
76561198118846116
76561198060714161
76561198143781059
76561198058145852
76561198204716813
76561198082396151
76561198066396307
76561198174584238
76561198118818407
76561198259081227
76561198276506628
